000000001111111100000000
000000011111111110000000
000000111111111111000000
000001111111111111100000
000011111111111111110000
000111111111111111111000
001111111111111111111100
011111111111111111111110
111111111111111111111111
111111111111111111111111
111111111111111111111111
111111111111111111111111
111111111111111111111111
111111111111111111111111
111111111111111111111111
111111111111111111111111
111111111111111111111111
111111111100001111111111
111111111000000111111111
111111110000000011111111
111111110000000011111111
111111110000000011111111
111111110000000011111111
111111110000000011111111